// Left-Up Start 0
25 25
60 25
25 60
60 60
// Right-Up Start 4
440 25
475 25
440 60
475 60
// Right-Middle Start 8
440 233
475 233
440 267
475 267
// Right Down Start 12
440 440
475 440
440 475
475 475
// Left Down Start 16
25 440
60 440
25 475
60 475
// Left Middle Start 20
25 233
60 233
25 267
60 267
// Left Up Finish 24
98 163
128 180
158 193
188 210
// Right Up Finish 28
250 75
250 110
250 145
250 180
// right middle finish 32
402 163
372 180
342 193
312 210
// Right Down Finish 36
402 337
372 320
342 302
312 285
// Left Down Finish 40
250 425
250 390
250 355
250 320
// left middle finish 44
98 337
128 320
158 302
188 285
// Left Up Path 48
86 115
116 133
146 150
180 130
215 110
215 75
215 40
250 40
// Right Up Path 56
285 40
285 75
285 110
320 130
354 150
384 133
414 115
432 145
// right middle path 64
450 175
420 193
390 210
390 250
390 290
420 307
450 325
432 355
// Right Down Path 72
414 385
384 367
354 350
320 370
285 390
285 425
285 460
250 460
// Left Down Path 80
215 460
215 425
215 390
180 370
146 350
116 367
86 385
68 355
// left middle path 88
50 325
80 307
110 290
110 250
110 210
80 193
50 175
68 145